Start
{
Physics { 960, 960, 100, 100 }
Layer { "terrain", "free" }
Layer { "main", "free" }

PersistentEntity { "Master", 1, true, "main", 0, 0 }

Entity { "Wizard", 1, true, "main", 400.0, 300.0 }

Entity { "Exit", 1, true, "main", 736, 912}
Data {"w", 160, "h", 16, 0, "Ruin", "destx", 224, "desty", 32, 1, "x"}

Tilemap {"U5", "terrain", 30, 30, 10, 10, 10, 10, 10, 10, 10, 10, 10, 10, 10, 10, 10, 10, 10, 10, 10, 10, 10, 10, 10, 10, 10, 10, 10, 10, 10, 10, 10, 10, 10, 10, 10, 10, 10, 10, 5, 5, 5, 5, 5, 10, 10, 10, 10, 10, 10, 10, 10, 10, 10, 10, 10, 10, 10, 10, 10, 10, 10, 10, 10, 10, 10, 5, 5, 5, 5, 5, 5, 5, 5, 5, 5, 5, 10, 10, 10, 10, 10, 10, 10, 10, 10, 10, 10, 10, 10, 10, 10, 10, 10, 10, 5, 5, 5, 5, 5, 5, 5, 5, 5, 5, 5, 5, 5, 5, 5, 5, 5, 5, 5, 5, 10, 10, 10, 10, 10, 10, 10, 10, 10, 5, 5, 5, 5, 5, 5, 5, 5, 5, 5, 5, 5, 5, 5, 5, 5, 5, 5, 5, 5, 5, 5, 5, 10, 10, 10, 10, 10, 10, 10, 5, 5, 5, 5, 5, 5, 5, 5, 5, 5, 5, 5, 5, 5, 5, 5, 5, 5, 5, 5, 5, 5, 5, 5, 5, 5, 10, 10, 10, 10, 5, 5, 5, 5, 5, 5, 5, 5, 5, 5, 5, 5, 5, 5, 5, 5, 5, 5, 5, 5, 5, 5, 5, 5, 5, 5, 5, 10, 10, 10, 5, 5, 5, 5, 5, 5, 5, 5, 5, 5, 6, 6, 6, 5, 5, 5, 5, 5, 5, 5, 5, 5, 5, 5, 5, 5, 5, 10, 10, 10, 5, 5, 5, 5, 5, 5, 5, 5, 6, 6, 6, 6, 6, 6, 5, 5, 5, 5, 5, 5, 5, 5, 5, 5, 5, 5, 5, 10, 10, 10, 5, 5, 5, 5, 5, 5, 5, 6, 6, 6, 6, 6, 6, 6, 5, 5, 5, 5, 5, 5, 5, 5, 5, 5, 5, 5, 5, 5, 10, 10, 5, 5, 5, 5, 5, 5, 6, 6, 6, 6, 76, 6, 6, 6, 5, 5, 5, 5, 5, 5, 5, 5, 5, 5, 5, 5, 5, 5, 10, 10, 10, 5, 5, 5, 5, 5, 6, 6, 6, 76, 6, 6, 6, 6, 5, 5, 5, 5, 5, 5, 5, 5, 5, 5, 5, 5, 5, 5, 10, 10, 10, 5, 5, 5, 5, 5, 6, 6, 6, 6, 6, 6, 6, 6, 5, 5, 5, 5, 5, 5, 5, 5, 5, 5, 5, 5, 5, 5, 10, 10, 10, 5, 5, 5, 5, 5, 6, 6, 6, 6, 6, 6, 6, 5, 5, 5, 5, 5, 5, 5, 6, 6, 6, 6, 6, 5, 5, 5, 10, 10, 10, 5, 5, 5, 5, 5, 5, 6, 6, 6, 6, 5, 5, 5, 5, 5, 5, 5, 6, 6, 6, 6, 6, 6, 6, 6, 5, 5, 10, 10, 10, 5, 5, 5, 5, 5, 5, 5, 5, 5, 5, 5, 5, 6, 6, 6, 6, 6, 6, 6, 6, 6, 6, 6, 6, 6, 5, 5, 10, 10, 10, 10, 5, 5, 5, 5, 5, 5, 5, 5, 5, 5, 6, 6, 6, 6, 6, 6, 6, 6, 8, 8, 6, 6, 6, 5, 5, 10, 10, 10, 10, 10, 5, 5, 5, 5, 5, 5, 5, 5, 5, 6, 6, 6, 8, 8, 8, 8, 8, 8, 8, 6, 6, 6, 5, 5, 10, 10, 10, 10, 10, 5, 5, 5, 5, 5, 5, 5, 5, 5, 6, 6, 6, 8, 8, 8, 76, 8, 8, 8, 6, 6, 6, 5, 5, 5, 10, 10, 10, 10, 10, 5, 5, 5, 5, 5, 5, 5, 5, 6, 6, 6, 6, 8, 8, 8, 8, 8, 8, 6, 6, 6, 5, 5, 5, 5, 10, 10, 10, 10, 10, 5, 5, 5, 5, 5, 5, 5, 5, 6, 6, 6, 6, 6, 8, 8, 6, 6, 6, 6, 6, 6, 5, 5, 5, 5, 10, 10, 10, 10, 10, 5, 5, 5, 5, 5, 5, 5, 5, 6, 6, 6, 6, 6, 6, 6, 6, 6, 6, 6, 6, 5, 5, 5, 5, 5, 10, 10, 10, 10, 5, 5, 5, 5, 5, 76, 5, 5, 5, 6, 6, 6, 6, 6, 6, 6, 6, 6, 6, 6, 5, 5, 5, 5, 5, 5, 10, 10, 10, 10, 5, 5, 5, 5, 5, 5, 5, 5, 5, 5, 6, 6, 6, 6, 6, 6, 5, 5, 5, 5, 5, 5, 5, 5, 5, 5, 10, 10, 10, 10, 5, 5, 5, 5, 5, 5, 5, 5, 5, 5, 5, 6, 6, 6, 5, 5, 5, 5, 5, 5, 5, 6, 6, 6, 6, 5, 10, 10, 10, 10, 5, 5, 5, 76, 5, 5, 5, 76, 5, 5, 5, 5, 5, 5, 5, 5, 5, 5, 5, 5, 6, 6, 6, 6, 6, 6, 6, 10, 10, 10, 10, 5, 5, 5, 5, 5, 5, 5, 5, 5, 5, 5, 5, 5, 5, 5, 5, 5, 5, 5, 6, 6, 6, 6, 6, 6, 6, 10, 10, 10, 10, 10, 10, 5, 5, 5, 5, 5, 5, 5, 5, 5, 10, 10, 10, 10, 10, 10, 10, 10, 6, 6, 6, 6, 6, 6, 6, 10, 10, 10, 10, 10, 10, 10, 5, 5, 5, 5, 5, 5, 10, 10, 10, 10, 10, 10, 10, 10, 10, 10, 10, 10, 6, 6, 6, 6, 6, 10, 10, 10, 10, 10, 10, 10, 10, 10, 10, 10, 10, 10, 10, 10, 10, 10, 10, 10, 10, 10, 10, 10, 10, 10, 255, 255, 255, 255, 255, 10, 10}
}

Ruin
{
Physics { 640, 640, 100, 100 }
Layer { "terrain", "free" }
Layer { "main", "free" }

Entity { "Wizard", 1, true, "main", 400.0, 300.0 }

Entity { "Exit", 1, true, "main", 224, 32}
Data {"w", 160, "h", 1, 0, "Start", "destx", 736, "desty", 880, 1, "x"}

Entity { "Scroll", 1, true, "main", 288.0, 400.0 }

Tilemap {"U5", "terrain", 20, 20, 10, 10, 10, 10, 10, 10, 10, 255, 255, 255, 255, 255, 10, 10, 10, 10, 10, 10, 10, 10, 10, 10, 10, 10, 10, 10, 10, 6, 6, 6, 6, 6, 10, 10, 10, 10, 10, 10, 10, 10, 10, 79, 79, 79, 79, 79, 79, 79, 6, 6, 6, 79, 79, 79, 79, 79, 79, 79, 79, 10, 10, 79, 70, 5, 5, 5, 5, 5, 6, 6, 6, 5, 5, 5, 5, 5, 5, 70, 79, 10, 10, 79, 5, 68, 68, 5, 5, 5, 6, 6, 6, 5, 5, 5, 68, 5, 5, 5, 79, 10, 10, 79, 5, 68, 68, 5, 5, 5, 6, 6, 6, 5, 5, 5, 5, 5, 68, 5, 79, 10, 10, 79, 5, 68, 5, 5, 5, 5, 6, 6, 6, 5, 5, 5, 5, 5, 68, 5, 79, 10, 10, 79, 5, 5, 5, 5, 6, 6, 6, 6, 6, 6, 6, 5, 5, 5, 5, 5, 79, 10, 10, 79, 5, 5, 5, 5, 6, 6, 6, 6, 6, 6, 6, 5, 5, 68, 5, 5, 79, 10, 10, 79, 5, 5, 68, 5, 6, 6, 6, 6, 6, 6, 6, 5, 5, 68, 68, 5, 79, 10, 10, 79, 5, 68, 5, 5, 6, 6, 6, 6, 6, 6, 6, 5, 5, 5, 5, 5, 79, 10, 10, 79, 5, 5, 5, 5, 6, 6, 6, 6, 6, 6, 6, 5, 5, 68, 5, 5, 79, 10, 10, 79, 5, 5, 5, 5, 6, 6, 6, 6, 6, 6, 6, 5, 68, 68, 68, 5, 79, 10, 10, 79, 5, 5, 5, 5, 6, 6, 6, 6, 6, 6, 6, 5, 5, 68, 68, 5, 79, 10, 10, 79, 5, 68, 68, 5, 5, 5, 5, 5, 5, 5, 68, 5, 5, 5, 5, 5, 79, 10, 10, 79, 5, 5, 68, 68, 5, 5, 5, 5, 5, 68, 68, 5, 5, 5, 5, 5, 79, 10, 10, 79, 68, 5, 5, 68, 5, 5, 5, 5, 68, 68, 68, 5, 5, 5, 5, 68, 79, 10, 10, 79, 70, 68, 5, 5, 5, 5, 5, 5, 5, 5, 5, 5, 5, 5, 68, 70, 79, 10, 10, 79, 79, 79, 79, 79, 79, 79, 79, 79, 79, 79, 79, 79, 79, 79, 79, 79, 79, 10, 10, 10, 10, 10, 10, 10, 10, 10, 10, 10, 10, 10, 10, 10, 10, 10, 10, 10, 10, 10}

}