Scene1
{
Physics {800, 600, 100, 100}
Layer {"ground", "static"}
Layer {"main", "free"}
Layer {"player", "free"}
Layer {"overlay", "static"}
Layer {"pause", "static"}
Subscene {"ScenePause"}
Entity {"Master", 1, true, "overlay", 0.0, 0.0}
Entity {"P1", 1, false, "player"}
Entity {"Meteor", 10, false, "main"}
Entity {"SmallMeteor", 10, false, "main"}
Entity {"Laser", 5, false, "main"}
Entity {"Debris", 30, false, "main"}
Entity {"LeftWall", 1, true, "main", -20.0, 0.0}
Entity {"RightWall", 1, true, "main", 799.0, 0.0}
Entity {"Clouds", 2, false, "overlay"}
Tilemap {"U5Tiles", "ground", 25, 19, 6, 8, 8, 6, 46, 5, 5, 3, 3, 1, 1, 1, 1, 1, 1, 1, 1, 1, 1, 1, 1, 1, 1, 1, 1, 6, 6, 8, 6, 6, 5, 5, 3, 3, 1, 1, 1, 1, 1, 1, 1, 1, 1, 1, 1, 1, 1, 1, 1, 1, 5, 46, 6, 6, 5, 5, 5, 3, 3, 1, 1, 1, 1, 1, 1, 1, 1, 1, 1, 1, 1, 1, 1, 1, 1, 5, 5, 5, 5, 5, 5, 3, 3, 1, 1, 1, 1, 1, 3, 3, 3, 3, 3, 1, 1, 1, 1, 1, 1, 1, 5, 5, 3, 3, 3, 3, 3, 1, 1, 3, 3, 3, 3, 3, 5, 5, 5, 3, 3, 3, 1, 1, 1, 1, 1, 3, 3, 3, 1, 1, 1, 1, 1, 3, 3, 5, 5, 5, 5, 5, 5, 5, 5, 5, 3, 3, 1, 1, 1, 1, 1, 1, 1, 1, 1, 1, 1, 3, 3, 5, 5, 5, 5, 6, 6, 5, 5, 5, 5, 5, 3, 3, 1, 1, 1, 1, 1, 1, 1, 1, 1, 1, 3, 5, 5, 5, 5, 5, 6, 8, 6, 6, 5, 5, 5, 5, 3, 1, 1, 1, 1, 1, 1, 1, 1, 1, 1, 3, 5, 5, 5, 5, 6, 8, 46, 8, 6, 5, 5, 5, 5, 3, 1, 1, 1, 1, 1, 1, 1, 1, 1, 1, 71, 20, 5, 5, 5, 6, 6, 8, 6, 6, 6, 5, 5, 5, 3, 1, 1, 1, 1, 1, 1, 1, 1, 1, 1, 3, 3, 5, 5, 5, 5, 6, 6, 6, 46, 8, 5, 5, 5, 3, 1, 1, 1, 1, 1, 1, 1, 1, 1, 1, 1, 3, 5, 5, 5, 5, 5, 5, 5, 6, 5, 5, 5, 5, 3, 1, 1, 1, 1, 1, 1, 1, 1, 1, 1, 1, 3, 3, 5, 5, 5, 5, 5, 5, 5, 5, 5, 5, 5, 3, 1, 1, 1, 5, 5, 5, 3, 3, 1, 1, 1, 1, 3, 3, 5, 5, 5, 5, 5, 5, 5, 5, 5, 3, 3, 1, 1, 1, 5, 5, 5, 5, 5, 5, 3, 1, 1, 1, 3, 3, 3, 5, 5, 5, 5, 5, 5, 3, 3, 3, 1, 1, 1, 5, 5, 5, 5, 5, 5, 5, 1, 1, 1, 1, 1, 3, 3, 3, 3, 3, 3, 3, 3, 1, 3, 3, 3, 3, 5, 6, 6, 6, 5, 5, 5, 5, 3, 1, 1, 1, 1, 1, 1, 1, 1, 1, 1, 1, 3, 3, 5, 5, 5, 6, 6, 46, 6, 6, 6, 5, 5, 3, 1, 1, 1, 1, 1, 1, 1, 1, 1, 1, 3, 3, 5, 6, 6, 6, 5, 5, 6, 8, 5, 6, 5, 5, 3, 1, 1, 1, 1, 1, 1, 1, 1, 1, 1, 3, 5, 6, 6, 8, 5}
}

ScenePause
{
Physics {800, 600, 100, 100}
Layer {"pause", "static"}
Entity {"PauseLogic", 1, true, "pause", 350.0, 270.0}
}